11,7
52586.812500,78614.578125,29788.085938,34848.957031,110039.429688,115790.445312,115800.093750
73847.914062,72081.648438,21593.794922,79411.500000,66763.671875,47848.300781,35755.312500
111218.992188,63830.242188,50467.722656,121659.265625,1552.821777,107928.421875,22844.142578
108192.625000,92564.828125,72493.437500,72785.031250,119835.507812,70454.523438,72850.570312
71385.562500,37420.539062,112333.132812,515.670898,116035.117188,18664.519531,35364.625000
102617.851562,10998.267578,27708.017578,53009.062500,83079.914062,49301.808594,8963.860352
26386.888672,97150.117188,44719.175781,14149.177734,37523.656250,95186.898438,12351.744141
39076.480469,79658.617188,35195.882812,23812.406250,48766.750000,107689.320312,96597.437500
45145.554688,54687.144531,45991.316406,116531.117188,92107.679688,34867.746094,117046.781250
84686.101562,53532.269531,28954.712891,63847.250000,64530.539062,56662.726562,116856.304688
24153.750000,105964.539062,2363.469971,50540.640625,79657.953125,47082.644531,64689.816406

7,11
117181.609375,18812.843750,77041.562500,32801.390625,98471.468750,112237.445312,56613.796875,23781.515625,96470.062500,29754.539062,68927.070312
27700.509766,75745.851562,62001.484375,119808.195312,110613.601562,55591.574219,81037.593750,40689.167969,84546.289062,21428.140625,105219.710938
17752.316406,14827.750000,5916.754883,260.156891,17191.220703,56457.394531,79918.109375,64273.863281,121147.210938,73643.023438,83086.710938
74732.070312,106444.414062,58101.476562,63512.816406,39601.511719,81882.992188,36526.179688,69356.046875,27353.361328,64226.687500,21645.203125
89354.843750,60578.183594,8802.104492,21489.720703,18159.076172,49491.273438,106036.007812,39587.214844,31254.279297,331.624054,54414.968750
37171.035156,591.780945,71606.187500,93628.429688,80509.890625,12423.352539,91318.937500,30696.210938,95510.070312,42594.304688,13683.922852
30154.839844,106107.125000,53285.433594,112037.828125,19176.601562,122641.484375,15934.488281,83403.289062,20829.984375,105289.335938,20524.773438

1,2
38683.851562,79123.367188

2,1
109358.367188
78271.062500

6,1
9229.332031
24091.980469
110281.773438
80835.515625
117720.414062
67334.960938

1,6
93258.875000,85582.648438,98031.171875,65312.234375,4720.254395,111715.093750

6,2
41543.828125,84048.203125
6547.276855,40728.613281
99982.695312,89950.570312
61558.593750,81815.328125
110475.343750,91190.687500
85137.679688,25702.488281

2,6
46857.351562,71039.343750,103973.554688,33778.300781,57272.636719,113202.882812
57870.281250,44097.707031,70581.703125,52133.988281,111432.664062,40383.875000

4,2
105696.109375,18980.191406
74265.531250,77706.492188
6350.867188,115809.367188
38297.992188,12898.144531

2,4
33081.269531,14823.984375,102848.710938,94639.867188
96639.320312,89867.351562,62373.851562,58320.296875

4,6
5902.947754,96086.695312,19552.804688,63175.585938,85832.875000,77423.085938
107273.289062,32957.878906,6100.374023,95249.257812,73341.757812,20360.310547
57799.695312,55581.164062,39340.500000,8608.529297,9830.954102,45691.367188
961.189209,48128.945312,58589.511719,34042.460938,62952.929688,37981.523438

7,4
5225.627441,36135.542969,4392.172852,67599.484375
94455.835938,119962.007812,53373.988281,100358.789062
92592.000000,72926.796875,40077.675781,54968.175781
26893.177734,23894.267578,87926.054688,32993.554688
119143.523438,37811.109375,53353.863281,53486.519531
93392.273438,92694.367188,62095.050781,103223.226562
14929.034180,63056.238281,27895.474609,73518.546875

13,12
111500.070312,102324.320312,3527.246582,115892.242188,46467.105469,97983.093750,112397.554688,99841.101562,74885.171875,81532.851562,49311.191406,114962.851562
13044.331055,76204.375000,15400.418945,100970.382812,109197.921875,11087.243164,15324.794922,39095.089844,64573.761719,108717.070312,8332.752930,3212.112549
88483.593750,23261.787109,66268.351562,116379.070312,96780.328125,39910.351562,83770.773438,84823.695312,18777.974609,87298.015625,77259.242188,65245.082031
61824.410156,66200.093750,41629.480469,13252.886719,24276.250000,90940.671875,4759.038574,37320.578125,43688.339844,20159.457031,14834.266602,29429.564453
31246.701172,30159.060547,68524.648438,95820.468750,15419.429688,76857.406250,99032.570312,103903.031250,100119.187500,41844.230469,96825.390625,73442.828125
81754.578125,57139.468750,34809.824219,100532.546875,20980.789062,112069.062500,42320.937500,82805.203125,54812.457031,83950.414062,96058.085938,79088.703125
51434.390625,100817.125000,116409.289062,95122.726562,120976.578125,7786.853516,1095.593628,28766.580078,37945.914062,69620.242188,1130.345459,53365.343750
23020.951172,100162.921875,33811.671875,123140.140625,18550.451172,7180.365723,73126.265625,100305.031250,64319.832031,107936.085938,77380.882812,85300.625000
96548.445312,119701.812500,44649.121094,27904.207031,80195.531250,17250.503906,106992.914062,8173.224121,118067.625000,99945.500000,103295.953125,115587.500000
107732.351562,104391.539062,20897.386719,22221.568359,50555.093750,22027.730469,75586.914062,73576.046875,122190.656250,109398.578125,73259.484375,17284.406250
116578.945312,22929.044922,117589.437500,57442.082031,7408.430664,71513.617188,19286.005859,103956.875000,67758.742188,63935.125000,8404.386719,24497.574219
81185.632812,115397.296875,32670.796875,75796.562500,91886.101562,12510.048828,67927.359375,76161.757812,116901.593750,88824.750000,98383.328125,43999.988281
110852.476562,50513.535156,117576.031250,109586.429688,36455.417969,67378.812500,3414.138184,29577.664062,90307.859375,121003.570312,87019.742188,97716.289062

12,13
69060.492188,106305.750000,78216.468750,13362.529297,46784.175781,86620.859375,37860.101562,4513.109375,78561.453125,70530.898438,80309.664062,46990.859375,83040.945312
24780.328125,123152.617188,76485.843750,113605.078125,98079.242188,120485.828125,101000.851562,25136.074219,114605.156250,87130.585938,61591.492188,58527.273438,90544.726562
91169.156250,25378.431641,88091.593750,54732.199219,123094.726562,33695.390625,37581.253906,77854.484375,47057.917969,84365.437500,41018.644531,84918.023438,88878.539062
119580.101562,31992.220703,45731.503906,43114.257812,115033.171875,70511.828125,42810.167969,68062.312500,60660.207031,17432.705078,65091.449219,38204.359375,42568.777344
56239.906250,1878.244629,104160.273438,114767.179688,92422.968750,71872.718750,16688.912109,57057.867188,3148.222656,16326.934570,90753.250000,40729.476562,94181.421875
14354.471680,1638.205444,11743.366211,99272.492188,90516.750000,7866.765137,7808.012207,12791.550781,50981.023438,122841.179688,83303.382812,93791.187500,67446.796875
20506.890625,111223.890625,9081.541016,58711.253906,30335.970703,65321.449219,60589.496094,11039.540039,56631.929688,29555.763672,82912.257812,73320.843750,86613.632812
86060.484375,89647.781250,53910.183594,3333.259766,60372.500000,68264.656250,4971.465332,72115.867188,44080.445312,95488.210938,79982.632812,51888.457031,108279.765625
7506.952148,51272.941406,68126.445312,101298.140625,118719.742188,88633.335938,89065.335938,4344.575684,23887.890625,119401.304688,69666.023438,84477.390625,6984.147461
2841.252930,114033.156250,89896.414062,76162.093750,77190.078125,52500.195312,42353.171875,7643.563965,55833.453125,102725.671875,75908.218750,60804.921875,51384.835938
119988.664062,32836.433594,7910.768555,48420.421875,17659.492188,15417.720703,99693.359375,85785.937500,116715.859375,94956.398438,50962.582031,82324.500000,99300.968750
74850.468750,78269.101562,45510.292969,35871.160156,85253.250000,48351.550781,26447.611328,51692.960938,1056.945068,103637.695312,104193.156250,43410.117188,111281.257812

3,8
63732.773438,97374.828125,74063.929688,60264.742188,6754.562012,81974.695312,108685.164062,24414.056641
97392.414062,84921.828125,110200.000000,90651.578125,56421.519531,37705.878906,49519.375000,32265.791016
112556.351562,4331.778320,77776.085938,24970.806641,89585.031250,2670.938721,51418.421875,17821.291016

8,3
3727.883789,31599.412109,122014.445312
47138.000000,19423.968750,35127.660156
69817.093750,83156.742188,9045.790039
20424.316406,19964.783203,15800.351562
102399.015625,5193.244629,40214.406250
76334.726562,90115.070312,26957.705078
43529.605469,23079.888672,64663.582031
93048.976562,55345.683594,53763.230469

13,7
78734.039062,63509.085938,12336.009766,6695.755859,81330.375000,16063.894531,38295.167969
79888.125000,63201.894531,57719.136719,115015.781250,9562.286133,17419.183594,604.874939
29986.601562,37383.964844,16405.226562,8928.915039,42577.210938,56619.636719,85263.640625
9235.579102,83577.335938,5336.547363,32315.470703,24784.220703,98385.523438,87661.148438
78547.453125,72309.585938,97326.218750,33824.785156,12361.972656,109662.234375,40520.542969
93692.343750,2269.427002,78815.710938,50123.777344,65471.320312,13078.150391,41682.863281
75033.609375,30497.332031,42287.734375,105020.210938,67881.296875,58692.964844,113949.125000
110458.507812,115312.601562,75756.062500,119694.085938,75433.234375,81092.609375,28552.857422
100217.460938,56021.441406,116214.007812,55308.210938,4874.326660,90083.531250,89133.000000
17236.298828,76289.062500,6196.839844,110928.648438,78558.492188,85012.546875,37595.726562
20573.113281,98090.703125,79278.585938,95606.718750,5131.333496,121566.320312,77170.234375
73012.632812,56802.589844,67662.656250,60014.441406,48658.488281,19962.027344,56251.835938
635.027283,101054.640625,84804.687500,100852.484375,33619.386719,77562.000000,32704.000000

7,13
38493.710938,44188.832031,121836.992188,55730.011719,120477.898438,4577.134766,43201.960938,75579.687500,89589.679688,80797.687500,96152.796875,64223.687500,36619.574219
68302.820312,69355.015625,34729.199219,22016.353516,18910.953125,91531.781250,89679.015625,78925.398438,16733.574219,109641.039062,11720.530273,17368.599609,87238.984375
96525.218750,118221.093750,120858.367188,50630.519531,27468.386719,35895.382812,94819.351562,25848.681641,91625.390625,91840.546875,30425.816406,11370.649414,43963.535156
120015.507812,92168.328125,16659.630859,60782.488281,5331.207520,84962.453125,6680.808594,40060.406250,106978.812500,25591.761719,8135.490723,73201.117188,104517.164062
24869.064453,59385.457031,116237.687500,42237.667969,23167.744141,89306.203125,37002.054688,20569.412109,16480.031250,64470.441406,56464.789062,111299.382812,90319.125000
24633.480469,79683.234375,120744.937500,36004.128906,190.066360,117303.750000,4715.763672,16849.699219,54629.535156,10046.971680,101812.148438,61310.339844,50107.378906
85334.257812,86902.101562,58242.867188,35078.675781,67962.554688,83111.937500,94464.132812,60743.550781,1892.900024,117631.882812,26593.058594,38894.957031,14744.588867

8,7
71209.382812,30915.773438,70227.828125,95842.859375,110599.007812,67516.070312,8390.289062
110789.070312,61363.109375,13106.052734,4182.071777,115992.640625,23153.025391,105994.218750
53846.281250,73260.398438,67871.773438,17291.685547,8046.568848,102950.453125,85254.250000
91158.507812,73957.890625,22541.093750,93051.398438,68133.062500,49134.152344,8489.658203
82877.648438,92207.242188,111855.054688,30630.332031,123123.015625,58626.179688,3016.492676
110265.328125,2685.545654,11406.782227,97597.703125,64048.652344,24512.835938,101779.765625
56584.597656,47665.859375,84317.289062,110430.882812,120926.265625,28732.367188,4265.865234
5516.130371,8226.119141,89520.117188,96674.632812,82184.007812,112061.203125,66269.335938

7,8
26860.371094,37738.656250,74758.992188,109738.023438,6489.198242,63157.351562,16911.656250,6155.513672
121783.531250,19928.148438,116420.835938,1012.376099,31334.929688,90561.835938,65061.027344,55847.765625
68884.898438,121645.625000,103513.625000,29745.490234,108619.804688,100983.187500,58477.855469,112885.671875
106499.312500,66703.976562,78949.085938,79717.250000,25431.283203,67553.585938,22529.886719,52291.652344
105292.250000,97288.882812,38572.976562,111781.445312,36989.531250,55484.636719,117936.960938,35316.359375
75412.781250,110901.093750,36328.734375,106747.710938,78006.226562,101389.765625,39138.781250,23434.429688
99578.695312,19195.705078,53179.921875,84741.804688,120178.898438,111657.781250,74170.773438,103221.515625
