11,11
29101553484.076984,30116929131.152729,26556964504.002640,39544681472.754288,29307449957.180481,35894204657.760094,37088599643.985336,26349528308.356621,33192074365.131550,24842198587.598282,25074795284.560463
25790665567.783035,23488904189.137764,20819351026.851112,26028193768.532066,24511455891.363049,28300954207.155167,26667019961.000206,18678601981.891975,25407975871.702087,16257314933.955502,21209131285.693775
29628143290.339333,23207356989.510002,28852513771.481255,31733522343.067486,32853459352.226009,33061783541.345016,30330785399.779148,22203459002.153374,36400353548.615448,23210296211.423241,23238987324.949833
37492129282.523941,32900362860.018761,28713988016.975986,36614333219.117447,34266878111.074005,43082330439.443893,42380071453.220253,29029503852.110950,41028620194.428604,25927181160.194275,33775914327.796459
23562847458.510048,16690634551.943323,12756660783.958670,15090076614.961134,17408169091.167416,26788432239.554665,30642007147.737499,18592079968.230373,29819176576.642551,15788568596.982893,25497630361.854706
26309436869.618294,14830108514.983322,16570830711.402773,15463360624.497698,19546896290.018139,23857405274.042480,24305935987.212612,13895215313.789639,23128277468.507538,11805444435.557999,17059356653.258373
14898013009.815155,13664369251.106594,16947445208.339781,24517630294.109222,23255332276.224037,16600100248.671463,26325404933.264271,13873593107.767551,27085226514.656441,12436256649.089548,19660604743.564171
20463337134.312164,23093128894.588371,22828955028.857662,34300400396.261360,25615337540.959705,28349335257.619740,28894511758.613270,21376988413.800076,29241490673.147800,21764765909.340683,20624712550.460705
29386019065.036133,36097522276.485115,23455893805.535057,33803637261.675301,22624494651.076744,39592124290.052628,29735448178.676273,28815662056.653976,26385089728.202496,27225966628.067982,23101046001.865669
28088086817.270733,29215511391.100655,24576512431.262867,33038389887.725536,25261408102.212963,37572676596.923111,27657616247.762260,24521486955.088570,27812679343.591904,24638534929.350868,21942798182.070889
20403256465.409466,25613035947.481937,18900862488.002373,30066097852.309601,22619355482.084282,25334497909.716187,25766434871.877163,18537268847.255989,21291812991.638798,15252434559.451408,20411344903.912540

1,1
10423472861.745682

6,6
860717122.212525,789870678.526646,904762234.622404,602788296.733367,43564795.082242,1031055693.093043
2246790995.060912,2061855494.653589,2361765078.165682,1573501074.949250,113720276.693051,2691437856.717504
10284754123.832762,9438206245.263521,10811051486.580387,7202749034.073306,520558025.759114,12320138658.542431
7538629247.232422,6918117515.038831,7924400325.838623,5279548142.323975,381564197.900997,9030547206.376465
10978473379.956301,10074824810.643938,11540270144.108089,7688583273.939389,555670301.857375,13151147093.225147
6279582705.246825,5762704289.543317,6600925128.909490,4397796750.414126,317838145.304748,7522331473.841258

6,6
6810526913.085307,6657579324.751021,10251724806.662006,5785047958.758274,11745039759.962563,8097073235.770854
2663764358.862436,2261152707.373198,3555438539.433293,2344500934.397705,4913477690.267917,2385949842.217529
9890389106.904053,11069318958.210623,16744420688.561897,8066727533.658888,15749704270.553045,14950881928.290756
7619148718.160872,7980950472.474236,12175131014.575214,6344704053.017806,12642522950.851679,10272630258.436749
10453812754.032410,11869396141.886137,17922908227.955872,8485803623.533201,16488835474.770721,16188760717.310728
5476736413.959862,7181545691.616473,10666192592.473030,4215779375.131892,7740156142.043574,10675796850.535126

4,4
5330794279.479935,3272537007.670344,12054576241.756800,11109996151.080566
9966300645.022211,8084187726.959877,12484967365.326283,11560345707.665293
11401833280.012968,10501626271.219355,7876654782.097707,7355081902.510991
2513414122.829140,1726850926.853649,4743406080.451210,4376740512.423959

Matrix dimensions 6 7 uncompatiable, unable to multiply

4,4
30073370453.381374,25097637067.834419,20879973838.147511,25784112251.634781
17439726427.471802,15211283191.406681,16026977170.486834,20061622183.212532
14864646440.847025,16437974214.141624,8915771620.578537,17174023287.257671
21939127276.846321,16795536488.099007,13631652839.533165,16526587443.325184

13,13
54648583437.816055,73705666412.890671,52605277949.608871,60602830487.443298,77474696023.680664,65782316580.360458,46576517590.840225,34704887109.800613,55808449315.922455,78662141346.966431,78526504503.936905,60793351751.621246,77704222997.881714
28280456697.239429,36058360256.692436,40958653797.475327,44030738254.987144,51995182281.511765,41270248773.559685,27395207287.134972,21399005401.016823,28696551788.935505,37952473417.770554,41686807698.412498,31768934993.121403,37465128129.857399
56221920312.918648,53406064578.688545,48450480291.050743,47372178998.670143,64080006723.257248,50031978718.711121,35393843803.659630,37888200984.033844,45026928184.842331,58253505124.863525,63340424397.839645,49908588631.321228,68094472316.249031
21638314745.490234,27604493525.940853,26069380609.573368,31149379011.681423,38420704161.728607,27569710653.682617,19750039626.797119,14516231563.534636,25765797913.705452,40889614874.496857,33167302666.859814,30039976481.090111,34354475471.355324
51539709142.291672,51157502187.885994,38869442471.602715,47937260836.721626,64623721841.242928,46795137250.112556,40565368364.948845,36062619030.416504,45210225117.798897,67883134837.042686,60476070919.563156,55363673058.680214,62596078035.489296
51135703934.993729,53908869578.082581,42418950512.791664,49551809682.458672,65071103641.591644,47605195596.926247,38784951097.420647,33635816138.398010,49825583394.517906,71187558043.027512,62755320268.220367,53824161773.335083,64538794806.896500
42064424865.571838,40920421664.443840,51873387728.329834,48545766812.061279,65670274163.393456,47639612852.277161,30718492001.945271,30945012907.114967,33932917952.518051,46922681885.696251,48872335438.660637,38915957613.947128,52817093066.362434
49616978444.096176,61575790715.817131,44738821827.957870,47858555924.483818,64472903439.339966,53583202034.887756,43095909868.219696,34978445770.156197,48020439134.371841,63230160824.920982,59293068479.512527,48584974983.690109,61825955206.116058
46913059025.328438,69732430592.451004,54990375186.912827,64480906812.845558,71085846864.451035,62597287372.373253,54717896129.295395,31500238724.248367,53227751495.158676,75015980265.003662,70133570385.697906,59126144382.477196,71960894260.784119
36942975319.014725,63182515351.696426,48970597001.336555,52949653712.419159,59526895732.606247,56486342576.270935,45597251279.853401,24101565072.350655,49160613587.464424,66211089923.124832,58311305008.106354,51036335176.360573,57635272464.818077
40526316615.422394,44592643340.333389,42793727818.331429,35522515255.271805,58020755997.776878,41001138811.668022,26203747021.263821,25984719353.859047,36343340705.579956,58539720107.700058,48434926370.902168,44184418022.032799,50420522146.705734
50031621952.262711,63469221387.862709,54691054119.104584,60229087143.299057,70363935595.482422,62389314230.323013,50472821040.115776,34515919139.530548,53150921279.658783,69160486227.709808,65490986692.323059,55373109494.774910,66995224147.315651
57141081703.227936,56639449215.619278,56282705638.743935,55634215222.753326,78505969323.772827,53192918620.237541,44325103041.639420,37328748075.475685,50898394585.799706,77450085227.384964,65632456391.355515,58318209190.738838,66733864777.266655

3,3
25181339254.953762,22549299076.000313,23641070676.761768
27725086686.221924,22320326661.964432,25517794560.906536
19837681203.751328,13485989332.335205,22941400441.936405

13,13
15049155312.872368,19397147203.839230,27024506055.371498,12174566378.156927,15551207631.951530,19515617370.017365,17013987047.258753,15820052540.712021,12253466204.346096,24538563907.685585,15990852386.278591,18316451743.966618,18381085618.663094
27485604510.629944,27346405583.245369,24070247038.077377,16809206060.395468,13284542286.915632,20942093483.693401,15853604853.266241,17652637601.982075,26917868912.458797,22491358124.920181,13443590502.180534,17459805321.050583,24743204368.461075
16092355770.395538,21129937834.680275,23834863760.499489,10695377462.955507,11609830407.077339,22437099151.849903,16160027459.464928,13007700069.148911,9726571147.851339,21600386508.877960,14329340101.263195,14941813987.759993,13953667692.882816
20977985792.240852,26743409288.316292,25077190348.000965,12253323748.229769,9562646927.466280,31669477379.576408,18277894113.646679,16219323068.613400,12121127978.507532,24124912799.305687,16040323847.147816,16671067744.701973,19702397141.993782
27883048596.562050,36103221863.573357,41445555118.273697,18844916624.735706,16745518172.635519,30681079085.104263,24134739878.036407,20077859755.066082,27054351069.410698,30743942664.004944,24577003921.489746,19558551265.917690,24207532816.176052
22892255641.220718,26787537714.812485,33471675288.853813,17006971171.347925,18115116777.960770,18569781020.958233,18481117295.083893,15404649187.310986,22887869345.496021,25595775222.454037,17978007367.235531,20331983455.595749,19515989463.294544
34514982977.352844,38720055518.652618,38675408773.208923,22355024837.112968,20666171281.388138,35993281546.005356,24240520145.712257,22685176962.913754,26882883615.758335,34347756006.760948,22551981814.606140,29102745188.056019,28995850979.304028
40115734858.257553,46289169898.656487,48835167029.330475,26912879210.241928,21911046905.615112,42571353557.408340,28966757898.796391,28855105881.870029,37298685625.041115,40625121628.604736,28525971737.852077,33198057564.576771,41242690477.846153
35485979219.080658,42363929207.226334,45757695701.465942,22640181277.334930,22808234180.646385,32867578683.329437,29767423281.727825,24247964604.805351,31651120112.637985,38032380013.148232,26095800441.100468,22311786117.994003,25715334366.898933
27041591168.810951,31715840594.993355,28932422168.931122,17394193107.859287,8672175477.499510,36821679556.990166,15774015751.665016,17259921365.577324,21265593410.054668,23506321286.354126,17733353599.590126,26040519942.106056,31062372695.003914
36325956612.539017,42594276383.864227,36857018703.029106,20431924355.778160,12407621619.794420,41173512098.440010,25894318023.056084,22017546718.404022,27848122977.767910,32774632323.215126,21036621188.567051,21950866589.230476,30481292579.143448
26926154589.067768,30065119657.483589,31388296735.071308,17140379693.673515,17003253117.069914,24423506576.957794,22273344588.125267,18908799278.638119,22110468507.506493,29831799012.625336,16508840350.894444,19665665590.395996,23100767706.499447
32753890930.108334,37376755076.429756,30694271120.703400,18043784859.285610,7870934464.588154,35684215104.519447,22503922189.334431,18241038279.017265,25160368806.970303,28294299177.086205,15310974752.180822,19911950529.150822,30513397307.518776

8,8
38294865007.369278,36648165899.709206,30924126324.459644,37856076804.899902,21862390293.100586,34782369374.850845,25790303932.444466,21458617505.315155
36310974738.162430,23164262610.309372,28065315293.148315,37362624224.600800,23006535297.523941,34778673668.606247,29174282978.452045,21387028832.977623
33985662286.466690,26738433867.260979,29529600750.087738,28494257652.956863,29031174187.607597,38461291747.796272,21337318860.670300,24485676207.692032
34642670966.917580,26103552894.680107,29969346753.757538,31747124592.473824,15097094233.066521,30727294230.719913,20356151667.201099,16535846218.715462
42108122349.199440,39153165473.566498,37966905538.452309,35233829161.525780,25845748239.498535,40061803937.017761,31670884940.361046,25921761322.331604
33196170304.194977,23015979834.276028,26215692558.817524,38623679847.251442,21033785820.759644,32355811796.257160,20967592912.614624,20562200117.770416
40217976565.523453,35741445869.493019,33161067111.675476,34514967365.148834,21054697959.071186,33964106746.977272,27179447191.461716,23687497333.905571
41315537363.882492,39405802644.777313,29034319345.753769,37747820030.611847,32221373056.827797,39985397485.672081,27035218599.892662,28023131489.424736

